# best so far, max dot = 0.557119997187
0.04500746217073457 0.74937181349618665 0.07690523656054146 -0.42017291187455424 -0.47041888228826179 -0.18072796515612716
0.15844132231967067 0.81952820848872343 -0.05981890094328260 -0.06618831214142910 0.05956816371789731 0.54015025980734499
-0.28303015352010524 0.24458113263179157 -0.53155619115084307 -0.24402433769410359 -0.55814580409459613 0.45436483291810231
-0.56753018316124926 0.33116523116733593 0.61293030882003940 -0.26455150381336218 -0.12750922068786713 -0.32605125036760191
-0.61445696665339200 0.60431843503425697 -0.17630685984742717 -0.38430753689777519 0.28001691727768896 0.00748328146361538
0.24605140626501409 -0.34625550000937394 0.56772996992497937 -0.08781206574905430 -0.48679528269965444 0.50256134877992442
-0.29229005113819734 0.44490594042183618 -0.65777914806152371 0.41015749566161080 0.13599911527133793 0.31181227037507148
0.32498938712038117 0.11095099067157010 0.45438319846309899 -0.37676342328851609 0.30263442275927865 0.66488300769055375
-0.28271540788402089 -0.06484130879418963 -0.82860260874219860 -0.44255020805294359 0.18227049822275196 -0.01456359963667749
-0.61135028235634525 -0.26069191436857225 0.15854036860656140 0.25848925587821647 -0.43225353745525591 -0.52867352262119705
0.07015614809179514 0.53559332544740668 0.16846896315180099 0.79393955090916268 0.01781617740471662 0.22176268036012839
0.47919585678073323 0.15234278658324399 -0.70632683583371780 -0.08922855458607898 0.01167185261042149 0.49006881160147225
0.31162789840746058 0.56476793975142536 -0.40255195525892801 0.33100279603520272 -0.55534712024240052 0.06248100139758365
0.38380116406720105 -0.14343991065551959 -0.45774833365548173 0.76697799546832945 -0.03775809980188542 0.18140342304973719
0.23465508877534524 -0.18405058685484399 0.69156617466996573 0.49731835541588076 0.24922980742079434 0.35122293960106088
0.04147053553138287 -0.75673169392391548 0.09725845093080571 -0.01036590713636747 -0.06723776014123024 -0.64152144422205593
0.79590565368696853 -0.37979202647839533 0.02870674380264417 0.11116431237411580 0.08157589843737760 0.44995110663418469
0.67099449335938688 -0.30539595393674468 0.33541044981736151 0.27519118506844209 0.28943044967335219 -0.42953388436335110
-0.53546177309443976 -0.07720141833226300 -0.21745196727161134 0.03809784561485537 0.80125798202465992 0.12872246460128203
-0.52029098798739870 -0.07574386342854332 0.61758897258089884 0.38641404072458935 -0.34773838723697820 0.26815334995335288
-0.02927221305659519 -0.05405731015801498 0.21390247108713517 -0.19033372764139148 -0.94241543952548401 -0.16153293500146682
-0.01448565150853679 -0.24242193091712708 0.24610646974758058 0.86583364789004935 -0.02616430995603770 -0.36069502619956195
-0.68836423925650370 -0.15955438285359963 -0.11673302716746974 -0.30723870125687408 0.25954359297008645 -0.57036126901421735
0.43316831681601570 -0.64055831312259437 -0.62415265397594277 -0.02142946160644834 -0.00695348967682403 -0.10943559058951251
-0.66827520646160798 0.34319702907866700 -0.07551449715759148 0.49671185548307095 0.23431462166007314 -0.35818375043847211
0.01721328323179604 -0.46504617796831371 -0.16475338061780140 -0.62010031712538483 -0.26160228906499289 0.55075576971049911
-0.38862936665570658 -0.04569679356669217 -0.30569698566381404 0.61131952600375294 -0.59867842942980964 0.14594843832178769
0.08716115666125047 -0.25297514138742966 0.83329080753705886 0.11916782436997027 -0.29339082244866121 -0.36572366018832525
0.20761975469472535 0.03433996336556160 0.59758395986818857 -0.73441410962466602 -0.23569639652953883 -0.06075639498858095
0.22318000862191681 -0.45145801200396307 -0.14116029195157392 -0.78892288924609033 0.04184242474151602 -0.31984372033924457
0.08337596870164464 -0.32949308765868995 0.03445048291595109 -0.23079471525967080 0.78209803024086721 -0.46728191464749214
-0.06032655154071556 0.46843594950427925 0.30336443409170533 0.42372802888346872 -0.51664973171114781 -0.48828895213877060
0.72156235101680588 0.29642842829841798 0.09047703467537303 -0.31401603313143683 -0.43007714170078343 0.31578386565950672
-0.93378092316723338 -0.14246675106521836 -0.14988446402226813 -0.03542150495290640 -0.11524312880773939 0.26599886853913846
-0.34376010340897467 -0.48770304344793997 0.32692440543412088 -0.02929229249247624 0.22092819853207338 0.69816033870545979
0.23690618656631837 -0.22293476642711166 -0.33043949842386217 0.39466566902403249 -0.58751355675496753 -0.53296539933566123
0.73157403869158244 0.46288351756237772 0.30703891213125778 0.18537715215903247 0.33396916227389967 0.10181007625130853
-0.55537571024850862 0.67388149452840229 0.07557174609536493 0.20745899505417922 -0.37652979308255130 0.21660226980008856
-0.12975452438683091 -0.81746536164269834 0.11621688257796862 0.40605697419672826 -0.32767407758140793 0.17074898156870388
-0.21059607229623245 -0.45896193107752303 -0.61713434900666020 0.19476673263064620 -0.02756798389818473 0.57048607481277624
-0.32008011818254067 0.15388345676080226 -0.29631791097207411 -0.31744097002886901 0.30133641971470926 0.77103300060204571
0.18081896320031304 0.69973566180350244 -0.59606231018522482 -0.18725579715894261 0.17068053461874494 -0.24122116419762910
-0.44627717410595186 0.06867527368927868 -0.12349855768538040 -0.78230655322382980 -0.37185306456875211 -0.17490069199182176
0.24152003816962159 0.13100200462779124 -0.12281546492346949 0.36608493605141940 0.59025466943906890 0.65345554731999989
-0.42592673607623083 0.36822061614060758 -0.51841381389991292 0.01458372980676184 -0.44193113913604121 -0.46768717535236198
0.02174943625795521 0.37498162561041465 0.10626945190174704 -0.65057133766913922 0.29594372768403893 -0.58034196015573158
0.27922773339880064 -0.68407894282666082 0.52073665309356088 -0.31323179388979905 0.28014538780706782 0.07940790888852849
0.14976481064836328 0.52723049913867004 0.75816726292227632 0.05488937657949312 -0.26474746874992960 0.22732540076201874
-0.10376266758787225 0.08150561757399108 0.34234996100533127 0.17107319338058755 0.22799032002125647 -0.88551737634094585
0.54153764529974180 0.12394345142035992 0.20559400243822440 -0.21514825543028759 -0.35882237197783862 -0.68852294027733951
-0.36779013965102170 -0.12827593955404953 0.27964819982769157 -0.73018092636238141 0.46545293561125334 0.14234451288188213
0.21577712759841569 0.34064876700192975 -0.22644506865139413 -0.84500923693317798 0.10051568321050239 0.24895233791881088
0.44591376698327923 0.38903910275331849 -0.21366693690956406 0.53631081306771644 0.11675048403321964 -0.55035985071588645
-0.34257912046413419 -0.53708728537294170 -0.47946633817030793 -0.18172572114305835 -0.55978448605167741 -0.13381298937395833
0.62840394277223732 0.02298057881157471 0.32393462759883790 0.52152992763009631 -0.47705493123141796 0.00847714115299113
0.10899064728928619 0.15279716324284379 0.79174058539469194 -0.18835745237080845 0.52088975987536823 -0.17639795730289023
-0.35800744450226230 -0.44291483943964899 -0.55425184510221881 0.48150493467014227 0.11774184339190429 -0.35035961966081913
0.04214490227351509 0.16125583118573963 0.21434095654961108 0.53810844346442455 0.77497376574788490 -0.19008756913903258
0.35193258436905567 0.07821609187858167 -0.57912138275893699 -0.45337442991912208 -0.52781328011676554 -0.22474183119710370
0.36813351160952124 -0.32030700032146969 -0.31947640780244768 0.12146763902427407 -0.70997479887946791 0.37549615931281682
-0.42795920920212005 0.41231258549162908 0.47175397202859770 0.14076747275700646 0.44298778174832859 0.45633735417434990
-0.49212075617266943 -0.46014602853721809 0.52784695210895194 0.22439098943919081 0.41851409751606250 -0.20482925316851650
-0.41350907918865082 0.21206426354876748 0.38023111827509060 -0.46363852825064977 -0.31164472672539939 0.57217144779792162
0.11868217979791967 -0.07385264192930960 -0.52718186094372088 -0.14637508476261130 0.11389032081099168 -0.81740011154678627
0.23438408274550795 0.00710331719155359 -0.66997935442184497 0.22999231297321554 0.65267719295200133 -0.13136714605424496
-0.36760499999661472 -0.81002522843306834 -0.22385897974327587 -0.26672238741819909 0.29447367244201833 0.02751862562322175
-0.46855650832056961 -0.56713834303815991 0.44674115661914349 -0.39971887566580827 -0.31509499281720094 -0.01308446739255181
-0.04784178071641542 0.85758235912505831 0.27588540856114935 0.11059673700573167 0.29086239155583593 -0.29886172993632748
-0.46479290066480261 -0.18274739184103111 -0.00857908159477195 0.73621775858842198 0.25657564271556943 0.37768995370544661
0.82463183346745261 0.06934896890589097 -0.27822380525447510 -0.32852770133317399 0.27376430074943425 -0.23428024036489195
0.16925459738106563 -0.67681797067446225 -0.05768613876534223 0.42993262201132010 0.56003657628002490 0.10704951653716681
0.29930433703882042 -0.34744248457031252 -0.28774603144497063 -0.42329925316337147 0.62654147241063374 0.36764980722676516
-0.05136656938543382 0.11941126614912043 0.03750123600834569 0.33334849313396936 -0.30171434062265967 0.88291750529255408
